***** Label      : ./../datasets/Au_cr1_test.txt
***** Prediction : ./../prediction/au150_DW_ann_xmu_cr1_200_20_1_run_2022_05_28-16_45_51_pred.txt
Total   : 595 data


CR1 Predict Distribution:
      label [2.80,2.82) [2.82,2.84) [2.84,2.86) [2.86,2.88) [2.88,2.90) [2.90,2.92) [2.92,2.94)
-----------------------------------------------------------------------------------------------
[2.60,2.62)                                           1
[2.62,2.64)                               1
[2.68,2.70)                               1           2
[2.70,2.72)                               1           7
[2.72,2.74)                   1           2           3
[2.74,2.76)       1                       2           5
[2.76,2.78)                   2           2          10           2
[2.78,2.80)                               6          16           6
[2.80,2.82)       1           2          17          19          10           1
[2.82,2.84)       1           2          14          28          12           1           1
[2.84,2.86)                   2          18          25          21           3
[2.86,2.88)                   3          16          33          24           7           1
[2.88,2.90)                   6           5          37          22          16           1
[2.90,2.92)       2           2           8          20          15           9
[2.92,2.94)       1           3           3          18          10          10           1
[2.94,2.96)       1                       5           5           6           8
[2.96,2.98)                               4           6           7           4
[2.98,3.00)       1           1           3                       5           1
[3.00,3.02)       1                       1           2           2           2
[3.02,3.04)                                           3           1           1
[3.04,3.06)                                           1           1
[3.06,3.08)                                                       1
-----------------------------------------------------------------------------------------------
        sum       9          24         109         241         145          63           4
    Sum_all     595
      label [2.80,2.82) [2.82,2.84) [2.84,2.86) [2.86,2.88) [2.88,2.90) [2.90,2.92) [2.92,2.94)
