***** Label      : ./../datasets/Au_cr1_test.txt
***** Prediction : ./../prediction/au150_DW_ann_xmu_cr1_200_20_1_run_2022_05_28-16_45_51_pred.txt
Total   : 595 data


CR1 Predict Error Distribution:
      label [-0.07,-0.06) [-0.06,-0.05) [-0.05,-0.04) [-0.04,-0.03) [-0.03,-0.02) [-0.02,-0.01) [-0.01, 0.00) [ 0.00, 0.01) [ 0.01, 0.02) [ 0.02, 0.03) [ 0.03, 0.04) [ 0.04, 0.05) [ 0.05, 0.06) [ 0.06, 0.07) [ 0.08, 0.09) [ 0.09, 0.10)
-------------------------------------------------------------------------------------------------------------------------------------------------------------------------------------------------------------------------------------------
[2.60,2.62)                                                                                                                                                                                                                          1
[2.62,2.64)                                                                                                                                                                                                            1
[2.68,2.70)                                                                                                                                                                                              3
[2.70,2.72)                                                                                                                                                                                8
[2.72,2.74)                                                                                                                                                    2             1             3
[2.74,2.76)                                                                                                                                      1             1             6
[2.76,2.78)                                                                                                                                      3            11             2
[2.78,2.80)                                                                                                                        1            16            11
[2.80,2.82)                                                                                                          2            24            22             2
[2.82,2.84)                                                                                            1            14            39             4             1
[2.84,2.86)                                                                              1            10            35            23
[2.86,2.88)                                                                              6            23            48             7
[2.88,2.90)                                                                4             9            44            30
[2.90,2.92)                                                  2             7            21            24             2
[2.92,2.94)                                                  3            13            18            12
[2.94,2.96)                                    1             7             7            10
[2.96,2.98)                                    2             8            10             1
[2.98,3.00)                      2             3             5             1
[3.00,3.02)        1             2             3             2
[3.02,3.04)                      3             1             1
[3.04,3.06)                      2
[3.06,3.08)                      1
-------------------------------------------------------------------------------------------------------------------------------------------------------------------------------------------------------------------------------------------
        sum        1            10            10            28            42            66           114           131            94            46            28             9            11             3             1             1
    Sum_all      595
      label [-0.07,-0.06) [-0.06,-0.05) [-0.05,-0.04) [-0.04,-0.03) [-0.03,-0.02) [-0.02,-0.01) [-0.01, 0.00) [ 0.00, 0.01) [ 0.01, 0.02) [ 0.02, 0.03) [ 0.03, 0.04) [ 0.04, 0.05) [ 0.05, 0.06) [ 0.06, 0.07) [ 0.08, 0.09) [ 0.09, 0.10)
