***** Label      : ./../datasets/Au_cr1_test.txt
***** Prediction : ./../prediction/au150_DW_ann_xmu_cr1_200_20_1_run_2022_05_28-16_45_51_pred.txt
Total   : 595 data


CR1 Predict Diff Distribution:
      label [-0.20,-0.18) [-0.18,-0.16) [-0.16,-0.14) [-0.14,-0.12) [-0.12,-0.10) [-0.10,-0.08) [-0.08,-0.06) [-0.06,-0.04) [-0.04,-0.02) [-0.02, 0.00) [ 0.00, 0.02) [ 0.02, 0.04) [ 0.04, 0.06) [ 0.06, 0.08) [ 0.08, 0.10) [ 0.10, 0.12) [ 0.12, 0.14) [ 0.14, 0.16) [ 0.16, 0.18) [ 0.20, 0.22) [ 0.24, 0.26)
-----------------------------------------------------------------------------------------------------------------------------------------------------------------------------------------------------------------------------------------------------------------------------------------------------------------
[2.60,2.62)                                                                                                                                                                                                                                                                                                1
[2.62,2.64)                                                                                                                                                                                                                                                                                  1
[2.68,2.70)                                                                                                                                                                                                                                                                    3
[2.70,2.72)                                                                                                                                                                                                                                                      7             1
[2.72,2.74)                                                                                                                                                                                                            1             1             3             1
[2.74,2.76)                                                                                                                                                                                1                                         5             2
[2.76,2.78)                                                                                                                                                                                              3             6             6             1
[2.78,2.80)                                                                                                                                                                                2            11            13             2
[2.80,2.82)                                                                                                                                                    2            11            15            18             3             1
[2.82,2.84)                                                                                                                                      1             8            20            26             3             1
[2.84,2.86)                                                                                                                        1            10            23            24            11
[2.86,2.88)                                                                                                          2            11            16            41            10             4
[2.88,2.90)                                                                                            4             6            17            30            22             8
[2.90,2.92)                                                                1             1             5            13            15            19             2
[2.92,2.94)                                                                3             1            10            16            11             5
[2.94,2.96)                                                  1             2             7             5             6             4
[2.96,2.98)                                                  1             5             7             7             1
[2.98,3.00)                      2             1             2             1             4             1
[3.00,3.02)        1             1             2             2             2
[3.02,3.04)                      2             1             1             1
[3.04,3.06)        1             1
[3.06,3.08)                      1
-----------------------------------------------------------------------------------------------------------------------------------------------------------------------------------------------------------------------------------------------------------------------------------------------------------------
        sum        2             7             4             7            15            20            32            44            59            81            98            73            59            35            24            15             6             8             4             1             1
    Sum_all      595
      label [-0.20,-0.18) [-0.18,-0.16) [-0.16,-0.14) [-0.14,-0.12) [-0.12,-0.10) [-0.10,-0.08) [-0.08,-0.06) [-0.06,-0.04) [-0.04,-0.02) [-0.02, 0.00) [ 0.00, 0.02) [ 0.02, 0.04) [ 0.04, 0.06) [ 0.06, 0.08) [ 0.08, 0.10) [ 0.10, 0.12) [ 0.12, 0.14) [ 0.14, 0.16) [ 0.16, 0.18) [ 0.20, 0.22) [ 0.24, 0.26)
