***** Label      : ./../datasets/Au_cr1_test.txt
***** Prediction : ./../prediction/au150_DW_ann_xmu_cr1_200_20_1_run_2022_05_28-16_45_51_pred.txt
Total   : 595 data


CR1 Predict Error Abs. Distribution:
      label [0.00,0.01) [0.01,0.02) [0.02,0.03) [0.03,0.04) [0.04,0.05) [0.05,0.06) [0.06,0.07) [0.08,0.09) [0.09,0.10)
-----------------------------------------------------------------------------------------------------------------------
[2.60,2.62)                                                                                                       1
[2.62,2.64)                                                                                           1
[2.68,2.70)                                                                               3
[2.70,2.72)                                                                   8
[2.72,2.74)                                           2           1           3
[2.74,2.76)                               1           1           6
[2.76,2.78)                               3          11           2
[2.78,2.80)                   1          16          11
[2.80,2.82)       2          24          22           2
[2.82,2.84)      15          39           4           1
[2.84,2.86)      45          24
[2.86,2.88)      71          13
[2.88,2.90)      74           9           4
[2.90,2.92)      26          21           7           2
[2.92,2.94)      12          18          13           3
[2.94,2.96)                  10           7           7           1
[2.96,2.98)                   1          10           8           2
[2.98,3.00)                               1           5           3           2
[3.00,3.02)                                           2           3           2           1
[3.02,3.04)                                           1           1           3
[3.04,3.06)                                                                   2
[3.06,3.08)                                                                   1
-----------------------------------------------------------------------------------------------------------------------
        sum     245         160          88          56          19          21           4           1           1
    Sum_all     595
      label [0.00,0.01) [0.01,0.02) [0.02,0.03) [0.03,0.04) [0.04,0.05) [0.05,0.06) [0.06,0.07) [0.08,0.09) [0.09,0.10)
