2.80831
2.87663
2.89211
2.82117
2.85931
2.77762
2.93473
2.91712
2.95998
3.00530
2.85336
2.86506
3.06367
2.88471
2.87106
2.93013
2.88875
2.87038
2.97952
2.80987
2.91775
2.84361
2.84763
2.83727
2.87136
2.95702
2.88914
2.87978
2.98954
2.89537
2.85754
2.96582
2.87879
2.89664
2.90793
2.88814
3.10051
2.88901
2.82931
2.81662
2.88798
2.95204
2.88708
2.86872
2.89179
2.82342
2.90857
2.89824
2.87286
2.88142
2.87392
2.73325
2.72802
2.85597
2.87282
2.89865
2.91521
2.82445
2.81089
2.78189
2.87261
2.92673
2.94339
2.78614
2.82892
2.82750
2.84642
2.81248
2.85516
2.87759
2.87410
2.88410
2.79339
2.92357
2.93339
2.90616
2.99955
2.87155
2.89969
2.88844
2.80805
2.85055
2.82494
2.55334
2.81719
2.86607
2.96754
2.81828
3.02628
2.85015
2.95373
2.77175
2.93597
2.87574
2.86232
2.83136
2.74156
2.81035
2.86969
2.87963
2.85530
3.06318
2.83733
2.85988
2.96067
2.89625
2.96288
2.92276
2.86919
2.80618
2.88563
2.82710
2.85441
2.85012
2.81434
2.87692
2.77720
2.81905
2.95018
2.90905
2.86405
2.91295
2.87803
2.80887
2.85450
2.81076
2.91703
2.86274
2.93866
2.88770
2.78545
2.93849
2.89333
2.75383
2.90126
2.86686
2.86387
2.70297
2.82655
2.78176
2.93720
2.89461
2.79561
2.88167
2.92234
2.87309
2.89128
2.91821
2.92187
2.91809
2.86618
2.84508
2.86064
2.83978
2.88413
2.74206
2.97346
2.88403
2.86119
2.91963
2.85312
2.78070
2.92431
2.86659
2.79975
2.98724
2.89893
2.90651
2.84275
2.85076
2.88078
3.00098
2.85164
2.87592
2.86443
2.82065
2.87116
2.88719
2.94772
2.82511
2.90785
2.89866
2.92111
2.88635
2.83837
2.78688
2.81877
2.90623
2.82287
2.86321
2.98454
3.00254
2.80753
2.81560
2.91683
2.82391
2.89042
2.88164
2.84435
2.88417
2.87695
2.75570
2.83228
2.96679
2.88424
2.82769
2.80466
2.80154
2.74085
2.85290
2.77763
2.93477
2.83300
2.92111
2.79507
2.88467
2.67321
2.72488
2.84406
2.88660
2.90767
2.83577
2.74299
2.85823
2.96734
3.04557
2.83663
2.91073
2.87651
2.88879
2.74815
2.84090
2.90572
2.86760
2.88643
2.86925
2.87730
2.80703
2.93839
2.87140
2.87498
2.83272
2.89522
2.86839
2.81606
2.97014
2.83034
2.82904
2.86790
2.85150
2.85982
2.90308
2.85881
2.87483
2.95995
2.93519
2.97990
2.87275
2.84435
2.78967
2.85299
2.82519
2.77660
2.69842
2.82032
2.85642
2.84993
2.87092
2.87717
2.99089
2.89419
2.74229
2.86740
2.90573
2.87539
2.88376
2.88789
2.91181
2.91338
2.93931
2.83804
2.88687
2.81027
2.86967
2.82304
2.82176
2.82689
2.84685
2.89000
2.81185
2.88393
2.92618
2.90753
2.89579
2.85374
2.90417
2.88835
2.86219
2.76003
2.84110
2.69681
2.87600
2.78681
2.86744
2.91026
2.95253
2.90888
2.79365
2.88246
2.89371
2.81077
2.95208
2.91819
2.91914
2.82339
2.86489
2.88233
2.83391
2.84399
2.86082
2.89019
2.79540
2.85824
2.93308
2.95856
2.84113
2.89137
2.93856
2.94044
2.89511
2.84293
2.76509
2.91425
2.90884
2.85767
2.89320
2.92741
3.02308
2.84808
2.85270
2.90599
2.81722
2.89227
2.90437
2.85166
2.86964
2.85070
2.87431
2.87585
2.91065
2.88215
2.87435
2.80562
2.86877
2.76178
2.79028
2.81893
2.91919
2.86556
2.86086
2.90929
2.87635
2.52063
2.82654
2.83506
2.92652
2.90458
2.84316
2.80643
2.95440
2.92566
2.94056
2.83555
2.87763
2.87776
2.80407
2.81154
2.83721
2.85960
2.70076
2.79778
2.89711
2.88112
2.84533
2.87791
2.87335
2.82292
2.82536
2.91927
2.88096
2.79811
2.86218
2.81236
2.79027
2.84729
2.89166
2.85658
2.89452
2.82541
2.85410
2.85476
2.94919
2.92543
2.89133
2.88825
2.79800
2.85159
2.78695
2.76526
2.84452
2.87576
2.92142
2.86595
2.93798
2.94325
2.87398
2.84806
2.83192
2.80802
2.89747
2.88810
2.93690
2.88703
2.92360
2.85747
2.95206
2.89022
2.77710
2.78984
2.83865
2.81942
2.79748
2.73464
2.80435
2.91047
2.89617
2.93673
2.80259
2.86567
2.96201
2.90038
2.88900
2.82737
2.92312
2.88516
2.94093
2.73918
2.86717
2.98297
2.84469
2.82516
2.87042
2.89223
2.91743
2.96183
2.91079
2.91055
2.97620
2.92842
2.80071
2.94722
2.87403
2.93737
2.84568
2.88088
2.90073
2.88579
2.81625
2.90272
2.93424
2.83336
2.87124
2.82098
2.92516
2.86536
2.87076
2.90798
2.95525
2.93268
2.97929
2.87422
3.07470
2.83366
2.76279
2.87856
2.89345
2.97261
2.79594
2.83353
2.86633
2.81696
2.90658
2.86057
2.81383
2.87142
2.90438
2.89452
2.89954
2.88769
2.89264
2.96846
2.80293
2.81202
2.75896
2.66647
2.81156
2.92687
2.84599
2.80625
2.88972
2.90006
2.70797
2.63044
2.84168
2.89465
2.90318
2.89170
2.77692
2.88449
2.85175
2.90033
2.81392
2.90101
2.87005
2.85135
2.85232
2.93107
2.81350
2.80561
2.87848
2.92094
2.85795
2.96860
2.82902
2.85385
2.85569
2.87386
2.97689
2.84513
2.93594
2.99827
2.77045
2.81670
2.80571
2.90053
2.98015
2.87706
2.86382
2.92703
2.95789
2.98156
2.89308
2.83740
2.85523
2.85549
2.88268
2.78017
2.89748
2.79244
2.84497
2.81611
2.97943
2.91843
2.87966
2.89238
2.85832
2.79596
2.86616
2.85197
2.90263
2.85841
2.99450
2.97607
2.90907
2.95919
2.92096
2.78747
2.91719
2.87824
2.92703
2.68250
2.82009
2.96665
2.85837
2.94838
2.76780
2.80788
2.94933
2.91509
2.90684
2.84703
2.89518
2.86801
2.90317
2.87786
