 8.1318
 8.2942
 7.8026
 8.1603
 7.3554
 6.0597
11.8249
 9.1493
12.7631
12.0419
 7.8363
 7.0889
14.3456
11.9225
 6.2683
12.6897
11.9675
 8.9591
 4.9072
11.5541
11.9986
 8.2696
 7.8717
 7.9922
 7.7458
 5.6023
11.6581
 7.0356
12.8483
 7.7267
 7.7115
12.8489
12.0535
11.9710
 8.0204
 5.8306
12.3602
 9.1542
 6.5877
 7.9148
12.0477
11.6573
 6.7508
 7.6714
 9.1048
12.1245
11.9896
12.2386
 8.2600
11.9426
12.0609
 5.8558
 6.0483
12.1100
12.0394
 8.0505
 6.0199
11.9538
 5.5905
 6.0703
 6.6727
12.6872
 8.8141
 7.5436
 5.1877
 7.8686
 6.0730
 5.8736
 8.0530
11.4270
12.1052
12.0291
 5.7944
 8.8969
11.7629
 7.7428
10.3089
 8.0234
12.1255
 7.9141
 5.8337
11.8033
 5.1514
 6.9842
 6.8885
12.1597
10.4323
11.7135
 9.0789
 7.5491
 7.7963
 6.3905
11.9764
 8.7425
 8.1863
 8.9730
 5.7534
 7.9528
10.0349
 6.8731
 8.1488
12.7266
 7.1762
 7.1629
11.5261
11.9288
12.5447
11.7380
12.1535
 7.3381
 7.2044
11.9191
 7.9193
 6.7519
 7.6543
 6.9261
 7.9612
 7.9651
11.3824
12.0256
10.4926
 8.8225
 8.3390
 6.0520
 7.8595
 7.1562
11.1335
11.0437
12.3040
11.8565
 6.9953
13.2829
 8.0537
 6.6873
12.5851
 7.9052
 5.3798
 6.2931
 7.9789
 7.8183
 9.1345
11.3707
 5.9599
 7.1413
12.6044
12.1229
 8.9961
 8.8472
12.0805
12.1779
 7.9517
 7.4596
 8.1164
 7.9754
 6.3503
 6.1482
12.3798
 8.1814
11.0913
10.3739
 7.9793
 6.6590
10.9665
11.8089
 5.9790
13.1034
12.2063
 8.9026
 4.2227
12.3276
11.8814
 9.3245
 7.9532
 8.1967
 8.0632
 5.0910
12.1591
 7.0715
12.5706
 6.6078
 8.2786
12.1955
12.3518
11.5682
 6.3424
 5.8230
11.1337
 8.9984
 7.0383
 8.2486
13.0571
12.6634
 4.9410
 7.0052
 9.0235
11.6910
11.5147
11.6204
 8.0257
11.9799
11.9109
 5.8607
 8.0077
11.6682
11.8935
 8.0568
 6.1288
11.1400
 6.1972
 6.8638
 6.8996
12.0010
 7.9825
 8.3762
 7.9796
 7.3654
 5.0495
 5.4039
 7.0655
12.0975
11.9986
11.5131
 6.0167
 9.1272
12.8018
 8.6733
 6.1562
 8.1483
12.3416
 8.3733
 6.0164
11.6932
 5.5734
 5.9618
 6.8609
12.0726
 8.8967
12.1423
 8.7384
 7.1491
 7.8719
 6.1382
11.6493
 9.0755
 7.1628
 8.9036
 3.9399
 7.8239
10.6904
 7.7903
 7.8396
11.7442
 6.1998
 7.3814
10.2557
12.0067
13.0651
12.0428
 8.0703
 7.0325
12.3355
 7.8639
 6.5210
 5.3201
 7.1036
 7.2734
 8.0242
 9.0505
12.0990
 8.8953
 8.0026
 5.9021
 7.9375
11.0871
11.6035
12.0873
12.0463
 8.7915
12.9020
 7.5194
 6.8106
11.8343
 7.2156
 6.0140
 7.3025
 7.7767
 8.1787
 9.2483
12.0673
 6.1789
 6.9930
13.0824
11.9677
 9.2394
 8.8264
11.9977
12.0238
 8.1857
 6.1475
 7.7777
 7.1844
 8.1091
 5.9420
 8.7718
11.3287
11.0112
 7.8433
 6.7102
11.4692
12.0234
 6.2677
11.8799
12.1718
 9.5785
 4.0760
12.4405
12.1253
 6.9364
 8.0836
 8.2731
 7.9081
 5.1775
11.7628
 6.0180
13.5937
 6.7340
 8.0393
12.1849
13.0876
11.7335
 8.1510
 4.2932
12.6452
 9.1497
 7.3122
 8.1440
12.0635
12.9371
 6.4087
 7.0214
 8.9386
12.0458
11.4811
12.3199
 7.9765
11.9943
11.9418
 7.7244
 8.0607
11.7585
12.1059
 7.4175
 5.9057
11.7715
 5.9986
 5.0561
 6.8785
12.2219
 8.3025
 7.5033
 7.2133
 7.7134
 4.1008
 7.1129
 8.0501
11.8381
11.9713
11.9961
 5.8894
 9.1241
11.8131
 8.2050
 7.5258
 9.1975
11.9997
 8.2001
 6.2330
10.6165
 6.1891
 4.7798
 7.2000
12.3239
 8.7534
12.0263
 9.2178
 6.9402
 8.3685
 6.1808
12.0222
 8.0956
 8.3239
 8.8734
 5.8480
 8.1181
11.0801
 8.1771
 8.0998
11.7389
 6.9771
 6.9428
 8.6536
12.7825
12.9948
12.0437
 7.8209
 6.4402
11.6441
 7.5813
 8.6111
 7.7138
 6.2841
 8.1903
 7.9545
10.8154
12.2382
10.7519
 9.2285
 8.0964
 5.9927
 7.9921
 6.7188
11.1134
12.5778
13.2508
11.8142
 9.0142
13.4561
 6.6317
 6.8739
11.9675
 8.4198
 5.7097
 6.3440
 7.9907
 7.8354
 9.1863
12.4576
 6.1545
 7.0848
12.4452
11.9527
 8.7222
 8.8406
11.9863
12.1066
 7.6338
 6.9093
 8.0510
 7.7310
 7.9681
 4.6957
11.9038
 8.7771
12.8318
12.3607
 7.8085
 8.1452
13.5442
11.5906
 5.8541
12.9421
11.6195
 9.2404
 4.1788
12.3260
12.0741
 8.0238
 6.9339
 8.1041
 8.6950
 5.6133
11.8061
 5.8599
12.4431
 8.2501
 7.2195
12.1352
12.5786
12.0702
 9.4323
 7.0377
12.1753
 9.5866
 6.1825
 7.9662
12.1486
12.8181
 6.9662
 6.3075
 6.8881
11.7664
12.1709
11.8992
 8.0228
11.6447
12.0387
 7.2689
 7.8278
12.2504
12.2476
 8.7663
 5.9007
10.3816
 5.7078
 4.3490
 5.9402
12.1287
 7.7348
 5.8763
 6.9591
 8.2028
 4.7479
 6.1035
 7.9917
11.8180
11.9198
11.8330
 5.9975
 9.0083
 9.9028
 8.2964
 7.9890
 9.1872
12.0796
 8.0132
 5.1043
12.9039
 6.0023
 7.0901
11.9979
 7.6937
11.1952
 8.9576
 6.7291
 7.9323
 6.8060
11.7142
 8.1360
 8.0010
 8.7472
 7.1560
 6.3639
10.7033
 7.6779
 8.1345
12.5536
 6.8159
 7.8082
10.5618
13.1622
13.4984
11.9390
 7.7276
 7.0279
11.9916
 7.8003
 6.4007
 8.4643
 6.9138
 8.0524
 8.1256
11.7643
11.9401
12.1792
 9.0961
 8.1438
 5.8718
 7.9535
 7.2161
10.4081
11.3347
13.8060
12.8602
 9.0257
12.7248
 8.5214
 5.7533
12.1220
 8.0995
 4.8646
 4.1945
 8.1930
 8.0188
 8.6864
13.1948
 5.2430
 5.8967
12.6438
12.1526
 9.4977
 8.7106
12.0820
12.0771
 8.3025
 7.0940
