2.86268
2.86893
2.84051
2.87953
2.87216
2.83622
2.87526
2.87326
2.90601
2.88609
2.85519
2.87098
2.89608
2.92108
2.86312
2.87416
2.88105
2.88389
2.81548
2.88284
2.88996
2.87701
2.85935
2.87800
2.86375
2.83485
2.89876
2.84772
2.89678
2.84022
2.87314
2.90037
2.88256
2.90392
2.85768
2.82041
2.89139
2.88008
2.84495
2.85296
2.89322
2.89621
2.83114
2.86840
2.87974
2.88108
2.88861
2.87171
2.84987
2.88437
2.90488
2.85811
2.86727
2.90171
2.88421
2.87195
2.85705
2.87829
2.85888
2.85404
2.84222
2.89879
2.84375
2.86370
2.87074
2.85345
2.85825
2.86080
2.87082
2.86483
2.90930
2.88904
2.84591
2.88236
2.89799
2.87826
2.86764
2.87338
2.88984
2.87801
2.84676
2.88178
2.83390
2.86499
2.87690
2.89194
2.87766
2.89305
2.86134
2.86790
2.85780
2.86898
2.86951
2.85759
2.87184
2.89887
2.87333
2.86145
2.89769
2.86923
2.88088
2.87279
2.87155
2.87382
2.88080
2.91253
2.89330
2.89833
2.87324
2.87969
2.86737
2.88599
2.87783
2.87006
2.87746
2.84486
2.86487
2.87739
2.88429
2.91012
2.90576
2.86972
2.86472
2.81297
2.88396
2.87991
2.88530
2.87012
2.86453
2.88045
2.87251
2.92208
2.85367
2.86465
2.90314
2.86904
2.85531
2.87558
2.88239
2.88870
2.84228
2.90839
2.86363
2.85669
2.87796
2.90928
2.87290
2.87404
2.88733
2.90406
2.85234
2.86030
2.85252
2.87452
2.83360
2.84125
2.88472
2.87360
2.89956
2.89854
2.87753
2.87934
2.86896
2.87063
2.84884
2.89874
2.90660
2.87804
2.83477
2.88145
2.86579
2.87313
2.87753
2.84045
2.84184
2.85783
2.88771
2.85276
2.90070
2.84270
2.86518
2.89714
2.89917
2.87478
2.84982
2.83718
2.87776
2.87408
2.85375
2.88625
2.87228
2.89872
2.84132
2.87610
2.88623
2.88225
2.89261
2.87465
2.88194
2.86971
2.87649
2.83972
2.86179
2.89400
2.88567
2.88335
2.86642
2.88078
2.86874
2.86406
2.85451
2.90243
2.86103
2.85372
2.89034
2.87628
2.86724
2.85423
2.85815
2.88141
2.87978
2.88783
2.86955
2.88234
2.90343
2.85068
2.84238
2.87179
2.88435
2.85037
2.87801
2.88023
2.80375
2.82752
2.84806
2.89158
2.87625
2.89755
2.86844
2.85258
2.87277
2.84355
2.85369
2.89111
2.86646
2.84539
2.86172
2.87198
2.90336
2.86997
2.87489
2.87754
2.85517
2.86518
2.85764
2.90164
2.89688
2.88356
2.84318
2.86985
2.88366
2.87952
2.87538
2.87334
2.86963
2.86276
2.88114
2.88011
2.92066
2.85679
2.87425
2.86384
2.87567
2.90779
2.90180
2.87946
2.87849
2.86692
2.89007
2.84765
2.87421
2.90887
2.87343
2.85120
2.85599
2.85200
2.85029
2.88745
2.88534
2.86611
2.82383
2.90336
2.88076
2.84262
2.87980
2.87911
2.86931
2.84996
2.87100
2.88022
2.86617
2.86910
2.86740
2.87889
2.91648
2.90407
2.87417
2.85442
2.87645
2.91138
2.86964
2.89106
2.90501
2.84904
2.84813
2.92429
2.88656
2.86431
2.85333
2.87609
2.82484
2.82633
2.91024
2.82102
2.90569
2.85657
2.86021
2.90113
2.90023
2.88453
2.86881
2.82203
2.90663
2.84306
2.86605
2.86037
2.87656
2.88534
2.83966
2.87073
2.88309
2.88053
2.86691
2.89115
2.85472
2.89985
2.91358
2.87913
2.88654
2.88948
2.88131
2.84214
2.84504
2.91027
2.86376
2.87715
2.86205
2.90989
2.88104
2.84904
2.85456
2.86803
2.85857
2.87335
2.88286
2.87808
2.90804
2.88505
2.85460
2.84527
2.90377
2.85409
2.86786
2.88098
2.88210
2.88998
2.85984
2.88824
2.82436
2.84032
2.86725
2.88905
2.88059
2.89083
2.86227
2.85455
2.88213
2.85495
2.89062
2.87793
2.88761
2.86803
2.85278
2.85672
2.91082
2.87009
2.87435
2.90300
2.85945
2.86715
2.88866
2.90085
2.90403
2.87865
2.86449
2.86449
2.87931
2.88425
2.85814
2.86708
2.84897
2.83470
2.82466
2.86291
2.90901
2.88373
2.87834
2.87645
2.81414
2.81671
2.86040
2.89287
2.90129
2.90260
2.88796
2.86071
2.87629
2.85644
2.87969
2.91098
2.88173
2.88055
2.85845
2.89063
2.82353
2.87262
2.91180
2.84537
2.86904
2.89767
2.90599
2.84952
2.89697
2.88496
2.90559
2.86117
2.87606
2.87357
2.81646
2.87575
2.81010
2.87779
2.88298
2.91703
2.90059
2.86117
2.87379
2.90486
2.90367
2.87132
2.90650
2.88781
2.87613
2.82745
2.90286
2.89488
2.84252
2.86411
2.86946
2.82699
2.85557
2.90083
2.84103
2.87698
2.87113
2.84911
2.87432
2.89627
2.89892
2.86755
2.84780
2.89474
2.88882
2.86541
2.87649
2.88274
2.89842
2.87709
2.82490
2.87536
2.88284
2.89567
2.88323
2.87304
2.90854
2.86708
2.83809
2.86297
2.89530
2.88956
2.86799
2.86728
2.87779
2.86440
2.87397
2.85416
2.87704
2.88113
2.84432
2.87156
2.87639
2.86645
2.87559
2.88734
2.88784
2.88767
2.88127
2.84623
2.85048
2.91641
2.86712
2.86370
2.87119
2.89227
2.87621
2.87569
2.87269
2.84068
2.85288
2.86763
2.87866
2.89184
2.86896
2.85861
2.84755
2.86301
2.88944
2.81896
2.88242
2.86538
2.86071
2.86775
2.87690
2.87118
2.84182
2.90369
2.85594
2.86702
2.89624
2.90860
2.87500
2.88455
2.87571
2.86545
2.87684
2.87676
2.87529
2.87983
2.87479
2.88605
2.85186
2.88961
2.90986
2.90882
2.87379
2.87748
2.85462
2.87280
2.86470
2.89219
2.87569
2.86677
2.89564
2.88215
2.87531
2.85501
2.86958
2.89856
2.87942
2.84553
2.84926
2.87636
2.81754
2.88099
2.91582
2.86492
2.86489
2.90164
2.86982
2.88014
2.87988
2.86549
2.88303
2.86580
2.86390
