 8.2214
 8.1046
 7.8256
 8.0150
 7.2034
 5.7890
12.0204
 8.2657
12.5889
11.8097
 7.7767
 7.2530
13.4361
11.8118
 5.9764
12.3733
11.8308
 8.8318
 5.0735
11.8923
12.3639
 8.0286
 8.1015
 8.0625
 7.7820
 5.5610
11.6985
 6.6252
12.9726
 7.7497
 7.5899
12.8282
12.3138
11.8903
 8.1657
 5.9035
11.8411
 9.2055
 6.7830
 8.1588
12.4028
11.6691
 6.9019
 7.8833
 9.1177
11.9458
12.3322
13.1074
 8.1507
12.3472
11.8780
 5.8884
 5.7251
11.6802
12.2413
 8.1370
 6.0174
12.1533
 5.6307
 6.2599
 6.6724
11.9846
 8.6996
 6.8898
 4.2618
 7.8998
 5.6537
 6.0153
 8.0204
12.2144
12.1844
12.3138
 5.7319
 9.0764
12.0655
 8.3142
10.0066
 7.8535
12.0479
 8.0950
 5.9389
12.3209
 5.1273
 4.6301
 7.3284
12.1759
10.1278
12.1281
 9.5257
 7.8263
 7.9188
 6.0009
11.8413
 8.7377
 8.2499
 9.0084
 5.5012
 7.9899
10.0802
 6.9889
 8.4178
12.4984
 7.3012
 7.2277
10.8538
12.0633
12.4987
11.5995
12.0797
 7.6205
 7.3131
12.3560
 8.0658
 7.3574
 7.5655
 6.9462
 7.9539
 7.9517
11.6026
11.8175
10.4185
 8.8908
 8.4029
 5.9785
 8.1467
 7.3553
11.2668
10.8554
12.3718
12.1750
 7.1012
13.4665
 8.3046
 7.0048
12.5887
 8.0621
 5.1481
 6.5328
 7.9854
 7.3870
 8.7544
11.3598
 6.1377
 7.3995
12.2811
12.1601
 9.0037
 9.2128
12.2813
11.8613
 8.1441
 7.9142
 8.0050
 8.0210
 5.7164
 6.1896
11.9673
 8.2300
11.0491
10.6620
 7.9287
 7.1112
10.4441
11.6497
 5.9102
13.4496
12.2494
 8.7744
 4.2643
12.5117
12.3478
 9.4622
 8.0261
 8.1960
 7.9221
 5.1917
12.3366
 7.3686
12.9989
 6.5821
 7.6731
11.8261
12.3642
11.7928
 5.7382
 5.8714
11.2740
 9.2224
 7.1836
 8.2802
12.9388
12.8276
 4.7609
 7.3843
 9.3573
11.4602
11.8759
11.7894
 7.9851
11.7914
12.3226
 5.4262
 7.7822
12.1098
12.1845
 8.1386
 5.9177
10.8793
 5.9323
 5.7578
 6.8302
11.9412
 7.9378
 8.1270
 7.8613
 7.1935
 4.7850
 5.6373
 6.9339
12.4297
12.2824
11.1521
 5.9414
 9.0656
13.3395
 8.9166
 6.3567
 8.3287
12.4348
 8.2859
 6.0535
11.8249
 5.3441
 6.0928
 6.7826
12.2801
 9.0684
11.8849
 8.8232
 7.0222
 8.0504
 6.1462
12.1899
 9.4819
 7.1113
 8.9829
 4.5634
 8.0207
10.8265
 7.2307
 7.8091
12.2306
 6.1447
 7.2384
10.2222
12.1491
13.1077
12.2599
 8.1534
 7.3086
12.0308
 7.6729
 6.2359
 5.1973
 7.1480
 6.9148
 8.1543
 8.5231
12.0836
 8.5710
 8.0881
 5.8846
 7.8077
11.2679
11.8400
12.1970
12.0796
 9.0335
13.0556
 7.2509
 6.6393
12.1648
 7.1945
 5.7277
 7.4155
 7.9171
 8.0349
 9.1670
12.0903
 6.4518
 6.9312
13.1244
12.2154
 8.9467
 8.9192
12.7446
12.1706
 8.1645
 5.7673
 7.6866
 7.6708
 8.0180
 5.9987
 8.8737
11.6113
10.7017
 7.8448
 6.6469
11.0050
12.1197
 6.7051
11.9013
12.4623
 8.9831
 3.8412
12.4672
12.2742
 6.4672
 8.1572
 8.2775
 7.8113
 5.0594
11.9514
 6.3336
13.9060
 7.0413
 7.9037
12.3170
13.2647
11.8774
 7.4016
 3.7971
12.4792
 9.1761
 7.3787
 8.1546
12.6016
13.4947
 6.3567
 7.0567
 9.0972
12.4504
11.7427
12.4442
 8.0859
12.4104
12.0071
 7.8933
 8.0474
11.6737
12.4255
 8.6426
 5.9820
12.1805
 5.7712
 4.6690
 6.9892
12.4036
 8.3222
 7.2314
 7.3112
 7.8068
 2.9472
 7.0450
 7.8249
12.4929
12.2519
11.8862
 5.6450
 9.5084
11.2117
 7.6703
 6.1588
 9.3202
12.1192
 7.9669
 6.1653
10.3891
 5.2939
 3.9197
 7.4130
12.4181
 8.9383
11.9464
 9.1693
 7.0650
 8.2519
 6.2494
12.4143
 8.2324
 8.0589
 8.8669
 5.7250
 8.0446
11.1816
 8.3145
 8.0942
11.8262
 7.1341
 7.0363
 8.2312
12.8516
13.1620
12.3749
 7.6815
 6.5184
10.8212
 7.6200
 7.6821
 7.7973
 6.2302
 8.2431
 7.8918
10.8889
12.7340
10.8101
 9.2405
 8.0980
 5.9891
 7.8407
 6.4740
10.6259
12.3834
13.3306
11.8911
 8.9557
13.3740
 6.5558
 6.9942
12.2727
 8.6968
 5.7882
 5.6338
 7.8880
 7.8778
 9.2309
12.4722
 6.4020
 7.2389
12.7089
11.9434
 8.6788
 8.5424
12.1198
12.0872
 7.7350
 7.0676
 7.9280
 7.3637
 7.7382
 3.9871
11.5732
 8.9970
12.7451
12.5909
 7.6673
 8.1750
13.0341
11.8775
 5.9720
13.2876
11.9442
 9.5544
 4.0750
12.1572
12.3800
 7.9052
 6.8153
 8.1788
 8.3059
 5.5781
10.3831
 5.9127
12.2852
 8.3446
 7.0723
11.8650
12.4560
11.6225
 9.3487
 7.0140
10.9322
 9.3109
 6.3318
 7.9894
12.1939
12.9165
 7.0315
 5.8807
 7.2213
11.8350
12.3279
12.1069
 8.1094
11.5405
12.3539
 7.5604
 8.0872
12.2369
12.4972
 8.4824
 6.0509
 9.5835
 5.7648
 4.2220
 5.6743
11.5482
 7.9391
 5.7428
 7.1209
 8.3329
 4.8493
 5.4349
 8.1882
12.4803
12.0149
12.3609
 6.0598
 8.9873
10.3824
 8.2770
 7.6244
 9.0147
12.6143
 7.4872
 4.9011
12.8542
 6.0662
 6.6191
12.2953
 8.2547
11.7898
 9.3909
 6.2328
 7.9960
 7.0134
11.9166
 7.6874
 7.9412
 8.6785
 7.0142
 6.5938
10.8141
 7.5864
 8.1349
11.9320
 6.9110
 6.8811
10.8785
13.3560
12.8509
12.3948
 7.9966
 6.8343
12.1059
 7.6263
 6.0547
 8.9500
 7.5613
 7.9527
 7.9650
11.6523
12.0867
12.3414
 9.2213
 8.0318
 5.8142
 8.0386
 7.1911
10.3414
11.6702
13.7360
12.6350
 9.0255
12.0230
 7.6374
 5.3191
12.0611
 8.4470
 3.6758
 3.8222
 7.8552
 7.8701
 8.7159
13.3117
 5.3721
 5.3855
12.7569
11.8168
 9.5473
 8.5502
12.3028
12.2997
 8.2761
 7.2191
