 9.2619
 9.1873
 7.5759
 9.9260
 7.7196
 7.7660
 9.8362
 8.2729
12.2830
 9.0242
 8.0298
 8.2550
 9.5708
12.3939
 8.1608
 9.3933
10.3614
 9.7695
 4.5262
10.5846
12.0436
 8.3673
 8.0720
 9.5722
 7.5828
 5.2510
12.1800
 7.5857
11.4896
 7.7218
 8.1203
11.0464
10.8983
12.3183
 7.4944
 7.2453
10.3866
 9.7919
 7.5153
 8.3252
12.2196
10.8500
 7.2974
 8.0820
 9.7049
11.9014
11.5335
11.6447
 7.9703
11.0895
12.1281
 7.6467
 7.8461
12.2352
12.1436
 7.1887
 6.7133
11.8052
 7.4838
 7.0531
 7.4751
11.3155
 7.2959
 7.9062
 7.2653
 8.1656
 7.2631
 7.9415
 8.3590
10.7589
12.3188
12.1506
 7.2565
 8.2013
11.8209
 7.5305
 7.5174
 8.2394
11.8138
 9.0479
 7.2196
11.1303
 7.0342
 8.9025
 8.4112
12.3695
 9.0614
12.7398
 7.0919
 8.1041
 7.2510
 8.8250
 9.3966
 8.0657
 8.1371
10.2338
 8.7009
 8.6756
10.3943
 7.5166
 8.6399
 7.8654
 7.7414
 8.8558
 9.9114
11.9555
 9.9163
11.3271
11.5835
 7.8837
 7.6640
10.4424
 7.2375
 7.8587
 9.2289
 7.4541
 9.5001
 9.0561
10.6547
12.4417
11.2485
 8.8242
 8.7057
 8.2274
 8.8894
 9.3355
 9.5224
 9.8576
 9.3854
10.1314
 7.7852
12.8270
 7.5668
 8.1621
12.0532
 8.1980
 6.1940
 8.8943
10.0476
10.5320
 7.7331
12.2068
 7.5388
 7.7191
 9.5916
12.3333
 9.2298
 7.6275
11.1903
11.8706
 7.6389
 7.9916
 8.2429
 8.9002
 6.7441
 8.1772
10.0172
 8.7660
10.7000
11.0293
 7.8894
 9.2369
 7.8526
12.1595
 7.2310
10.9106
12.4308
 8.3262
 5.9067
12.2726
11.7361
 7.8267
 8.6861
 7.6957
 7.5399
 6.1637
10.6171
 7.4766
11.4845
 7.0949
 8.6602
11.0364
12.1984
10.2955
 6.9331
 7.5340
12.1140
 7.8677
 8.3007
 7.1004
10.0433
12.0413
 6.6828
 8.6238
 9.1925
10.3332
11.5578
11.6859
 9.3071
 9.8988
10.6761
 7.1813
 8.3658
10.9998
12.4104
 8.8493
 7.1479
12.1738
 8.1151
 7.3090
 7.4203
12.2342
 8.7575
 7.3079
 9.7188
 7.1626
 7.4683
 7.4006
 7.6842
10.9725
10.4089
12.2083
 7.9170
 9.4097
12.2314
 7.1585
 7.0147
 7.7619
11.0664
 7.9515
 7.9755
10.3339
 7.0975
 7.2041
 7.0611
12.3552
 8.3387
12.8787
 7.7502
 7.2731
 7.7126
 7.1367
 9.4409
11.4164
 8.7813
 7.4998
 7.2071
 8.6458
11.2858
 8.0712
 7.5406
 9.9457
 7.0217
 7.6086
 7.6292
12.1701
11.5499
12.1110
 8.4966
 8.8905
10.5032
 8.1481
 8.1094
 8.3254
 8.2796
 7.6890
 7.7824
 9.0679
12.5770
 7.3677
 7.1237
 7.7465
 8.1133
12.2430
11.3022
10.6953
10.0555
 7.7567
11.4894
 6.9828
 7.6994
12.2334
 8.2524
 7.0112
 7.7718
 7.7598
 7.9512
10.8935
10.2950
 7.4186
 7.4322
11.4900
10.3043
 7.8581
 9.4999
10.8571
 9.9913
 7.9492
 7.9598
 7.9918
 9.2669
 9.0206
 7.3909
 8.7415
12.3663
 9.6885
 7.4413
 7.3329
 8.7571
12.4805
 8.0533
10.8168
12.3437
 7.5147
 5.5346
12.4629
11.9224
 7.8064
 8.0896
 9.7439
 7.8932
 6.6791
12.2308
 7.0336
12.4778
 7.3437
 8.1339
12.1012
12.1786
10.3861
 9.4467
 7.2194
12.3466
 8.5143
 7.9515
 7.7703
11.3349
 9.7038
 7.2073
 7.3554
 8.8553
11.9402
10.3991
12.1931
 8.3970
11.2930
12.4202
 9.0745
 9.3369
10.2932
12.1544
 7.5151
 7.4169
12.1165
 7.6522
 6.3885
 7.6105
12.2402
10.4574
 7.0839
 7.1786
 7.1367
 7.4183
 8.6658
 8.9389
10.9274
11.2573
12.2497
 7.4001
 7.5020
11.1376
 7.2151
 7.7288
10.2862
11.5499
 7.9858
 7.7806
10.6503
 6.8560
 6.9631
 8.0338
12.2120
 8.4862
12.8153
 8.8955
 7.8236
 8.9541
 7.0487
11.4758
 8.8218
11.0526
 8.4836
 7.2229
 8.3912
11.7778
 8.2480
 9.2892
12.2931
 7.6302
 7.4885
10.0812
10.6644
11.7435
11.6734
 7.3757
 7.6184
12.2317
 9.1667
 9.4307
 8.5444
 7.2737
 7.6731
 8.3305
 9.1224
12.4390
 9.2695
 9.6635
 8.6408
 7.7960
 7.6186
 7.1948
11.8173
12.2077
12.2496
10.8511
 7.9723
12.1613
 7.4091
 9.7180
12.2250
 9.1625
 6.4496
 8.4190
 8.5109
 7.8402
 8.5199
12.4535
 7.4496
 7.4196
11.1562
12.2223
 7.6308
 9.8280
10.5998
12.1886
 7.5706
 9.0626
 8.5705
 7.1995
 9.0975
 7.3682
 8.6399
 8.7536
12.7257
11.2360
 7.4439
 8.3929
11.5446
12.3598
 7.6382
12.3979
10.1325
 8.2823
 5.3475
11.9425
12.1358
 7.4082
 7.6306
 7.9447
 7.5719
 6.9303
11.5269
 7.2401
 9.4635
 9.4081
 7.4771
 9.0177
10.9181
11.3036
 8.5334
 7.3868
10.1979
11.5949
 8.2539
 7.7043
11.6052
11.3949
 8.5114
 7.1114
 7.4790
11.2690
12.1584
12.0762
 9.1885
12.2458
 9.7472
 7.3795
 7.4632
11.3123
12.2496
 7.1237
 7.2979
10.6274
 8.0446
 7.7621
 7.2836
 9.1441
 9.0006
 6.8833
 7.2206
 7.7290
 7.2932
 8.6607
10.3827
12.1417
10.3642
11.4000
 7.9302
 7.6041
12.4697
 7.9423
 7.6101
 8.5064
12.3344
10.1987
 5.9071
12.1277
 7.0399
 7.6116
12.0225
 8.3524
12.8971
 8.9353
 7.7527
 7.7274
 7.6364
11.4741
 7.0044
 7.9865
 7.7146
 7.4746
 7.9368
11.1052
 7.9858
 7.6337
11.6452
 7.0817
 7.8103
 9.8860
12.3315
 9.3386
12.0919
 8.9336
 7.2242
11.4199
 8.6990
 8.3967
 9.6887
 9.0667
 7.7595
 8.4922
10.0081
11.4019
12.3327
 8.5857
 9.2235
 7.0287
 8.4487
 7.9966
 9.9890
10.8211
 7.9632
11.2055
 7.9623
12.5357
 7.2928
 7.3307
11.2691
 9.6001
 4.8866
 7.4247
 8.9748
 7.3575
 8.7672
12.5974
 7.5840
 7.7280
11.4809
 9.2753
 9.4791
 9.8236
11.2346
10.0106
 7.6340
 7.4816
