2.79987
2.85721
2.86980
2.81227
2.86982
2.77662
2.93948
2.92233
2.95827
2.99011
2.84599
2.85725
3.08431
2.87734
2.80038
2.95000
2.88146
2.88876
2.92104
2.81187
2.91535
2.85486
2.83503
2.83154
2.87206
2.93987
2.91063
2.87025
2.96624
2.89407
2.86935
2.95960
2.84802
2.89741
2.91513
2.85406
3.01935
2.89025
2.84104
2.81282
2.88958
2.96513
2.89430
2.84174
2.88268
2.83022
2.89398
2.88860
2.87767
2.87389
2.88463
2.72910
2.82564
2.85557
2.85939
2.90797
2.90021
2.82821
2.78735
2.86509
2.86782
2.93770
2.94967
2.80190
2.87955
2.83735
2.84559
2.80907
2.85425
2.88910
2.86415
2.87682
2.81318
2.93354
2.92821
2.90226
3.00033
2.87701
2.91523
2.90092
2.81972
2.83065
2.82452
2.80300
2.80723
2.84162
2.97892
2.79179
2.99806
2.84155
2.95143
2.79425
2.94547
2.87408
2.86619
2.82136
2.72797
2.81186
2.88612
2.85439
2.87070
3.06835
2.84156
2.84010
2.96840
2.91240
2.94534
2.91948
2.86110
2.84117
2.87279
2.80053
2.85118
2.80108
2.81586
2.87310
2.76965
2.81852
2.95458
2.90737
2.84487
2.91511
2.88346
2.82843
2.85289
2.80803
2.92876
2.86385
2.94649
2.89599
2.78429
2.93771
2.88811
2.76708
2.88933
2.85001
2.84924
2.71110
2.80560
2.77131
2.95218
2.88777
2.80095
2.85162
2.93813
2.86426
2.89733
2.92515
2.90739
2.93425
2.86886
2.84580
2.86061
2.83716
2.93357
2.74204
3.00146
2.85401
2.86350
2.91293
2.85303
2.79361
2.93772
2.85553
2.81588
3.00522
2.89779
2.91754
2.87840
2.84483
2.87066
2.99046
2.85018
2.85910
2.86677
2.81613
2.87340
2.90048
2.95087
2.88901
2.92409
2.91442
2.92482
2.89553
2.89553
2.79736
2.81059
2.91565
2.81775
2.84398
2.97205
2.99008
2.82287
2.81517
2.91521
2.77798
2.90472
2.87855
2.84269
2.88770
2.86204
2.83834
2.83789
2.94987
2.83096
2.82797
2.81835
2.80664
2.74478
2.88482
2.79778
2.93433
2.82558
2.90841
2.81078
2.88609
2.72844
2.75523
2.85854
2.88545
2.90238
2.84330
2.74786
2.86248
2.96520
2.97267
2.83509
2.89945
2.85820
2.88496
2.75509
2.83585
2.86662
2.85932
2.87841
2.84498
2.88086
2.76927
2.94812
2.87936
2.87543
2.83537
2.92667
2.86543
2.83248
2.97362
2.77127
2.82805
2.86969
2.86053
2.85746
2.89067
2.88920
2.84152
2.97762
2.93393
2.97829
2.86424
2.85231
2.76759
2.84039
2.83325
2.82577
2.70932
2.82493
2.87062
2.83959
2.85340
2.86900
3.00503
2.90576
2.74627
2.86859
2.89805
2.87324
2.86969
2.88562
2.89918
2.88482
2.90818
2.82831
2.88101
2.83844
2.85667
2.82336
2.82364
2.84154
2.84880
2.89164
2.82294
2.87522
2.91104
2.90392
2.91621
2.85667
2.90315
2.89421
2.87818
2.81284
2.84416
2.69531
2.86432
2.78759
2.84151
2.91577
2.92992
2.91324
2.78731
2.89753
2.89090
2.84271
2.97622
2.90957
2.94317
2.80700
2.83626
2.86802
2.84397
2.84815
2.85564
2.89597
2.82504
2.85636
2.90033
2.95427
2.84319
2.87893
2.93137
2.91766
2.89704
2.83288
2.80898
2.94212
2.91576
2.85230
2.89029
2.93225
2.93727
2.85040
2.85415
2.90428
2.82746
2.89512
2.90392
2.85509
2.86291
2.84915
2.86920
2.87338
2.91779
2.86425
2.90386
2.81664
2.84967
2.77237
2.84177
2.81788
2.93940
2.84381
2.87023
2.90490
2.87132
2.61829
2.82439
2.83062
2.92519
2.91601
2.85055
2.81001
2.94286
2.92595
2.96329
2.89924
2.85945
2.88332
2.79608
2.81615
2.80928
2.92746
2.77170
2.80327
2.86947
2.87300
2.82502
2.88157
2.86716
2.83689
2.83235
2.89269
2.87781
2.80302
2.85016
2.82865
2.79563
2.85787
2.88303
2.84974
2.89326
2.82848
2.85410
2.83892
2.97408
2.92029
2.86856
2.87305
2.82234
2.82005
2.79459
2.78343
2.81783
2.85986
2.91824
2.87875
2.94723
2.93420
2.88324
2.85376
2.83061
2.82329
2.92031
2.87583
2.95124
2.89638
2.92276
2.86300
2.97319
2.89614
2.78450
2.80576
2.83862
2.83830
2.78804
2.80445
2.80331
2.89515
2.90038
2.93019
2.80888
2.86134
2.95214
2.91399
2.89528
2.84122
2.93061
2.88829
2.90520
2.72724
2.86163
2.95876
2.83941
2.82997
2.86502
2.89147
2.91567
2.96738
2.89599
2.89762
2.98606
2.93099
2.78576
2.95586
2.87134
2.93934
2.85432
2.88420
2.90000
2.89123
2.82616
2.91473
2.95298
2.84324
2.87488
2.80618
2.93727
2.86201
2.85877
2.91633
2.93315
2.92963
2.94299
2.86002
3.06553
2.82634
2.80088
2.88152
2.87545
2.98731
2.80513
2.85718
2.89094
2.80883
2.90487
2.86765
2.81021
2.87206
2.90673
2.93123
2.89990
2.88889
2.87989
2.96351
2.81539
2.84276
2.77130
2.74485
2.84087
2.91889
2.86311
2.81550
2.88048
2.88717
2.74330
2.67976
2.83072
2.87094
2.89683
2.87952
2.80084
2.89387
2.85367
2.89907
2.82356
2.91992
2.85243
2.81312
2.82722
2.90907
2.84002
2.79248
2.87610
2.85358
2.80526
2.94270
2.83106
2.85645
2.84647
2.88989
2.93584
2.85426
2.96106
2.88444
2.81621
2.83783
2.86677
2.91603
2.93642
2.87183
2.87860
2.93034
2.96352
2.99096
2.87937
2.82815
2.86372
2.83676
2.86513
2.78922
2.88322
2.81891
2.84916
2.81048
2.97531
2.93053
2.89067
2.89430
2.83051
2.80127
2.86590
2.84824
2.91054
2.86192
3.02127
2.96788
2.92266
2.91474
2.97293
2.81747
2.90429
2.93370
2.99659
2.66653
2.81841
2.96124
2.85943
2.94581
2.75463
2.82974
2.95365
2.92237
2.91516
2.83023
2.88844
2.86293
2.90199
2.87571
